0.4729	-1	-1	-1	0	0	0
0.7695	-1	-1	-1	0	0	0
0.9818	-0.9492	-1	-1	0	0	0
0.9959	-0.4497	-1	-1	0	0	0
1	-0.0084	-1	-1	0	0	0
1	0	-1	-1	0	0	0
0.902	0	-1	-1	0	0	0
0.5827	0	-1	-1	0	0	0
0.531	0	-1	-1	0	0	0
0.3338	0	-1	-1	0	0	0
0.2492	0	-1	-1	0	0	0
0	0	-1	-1	0	0	0
-0.034	0	1	-0.9333	0.9997	-0.0259	0.0005
0.0487	0	1	-0.9333	0.9997	-0.026	0.0006
0.0851	0	1	-0.9333	0.9997	-0.0261	0.0006
0.1991	0	1	-0.9333	0.9997	-0.0262	0.0007
-0.9906	0.6841	1	-0.9333	0.9993	-0.0278	-0.0255
-0.9782	1	-1	-1	0	0	0
-0.9528	1	-1	-1	0	0	0
0.7476	0.5386	-1	-1	0	0	0
0.7433	0.3655	-1	-1	0	0	0
0.745	0.3311	-1	-1	0	0	0
0.745	0.3311	-1	-1	0	0	0
-0.9807	0.9775	-1	-1	0	0	0
-0.5202 -0.6407 -1.0000 -1.0000  0.0000  0.0000  0.0000 
-0.9658 -1.0000 -1.0000 -1.0000  0.0000  0.0000  0.0000 
-0.9788 -1.0000 -1.0000 -1.0000  0.0000  0.0000  0.0000 
-0.9999  0.0590 -1.0000 -1.0000  0.0000  0.0000  0.0000 
-0.9915  0.6495 -1.0000 -1.0000  0.0000  0.0000  0.0000 
-0.9932  0.5818 -1.0000 -1.0000  0.0000  0.0000  0.0000 
-0.9605 -1.0000 -1.0000 -1.0000  0.0000  0.0000  0.0000 
-0.8214  1.0000 -1.0000 -1.0000  0.0000  0.0000  0.0000 
 0.4542  1.0000 -1.0000 -1.0000  0.0000  0.0000  0.0000 
-0.0773 -1.0000 -1.0000 -1.0000  0.0000  0.0000  0.0000 
-0.5068 -1.0000 -1.0000 -1.0000  0.0000  0.0000  0.0000 
-0.3152  1.0000 -1.0000 -1.0000  0.0000  0.0000  0.0000 
 0.9928 -0.5979 -1.0000 -1.0000  0.0000  0.0000  0.0000 
 0.9544 -1.0000 -1.0000 -1.0000  0.0000  0.0000  0.0000 
-0.3335 -1.0000 -1.0000 -1.0000  0.0000  0.0000  0.0000 
-0.7859 -1.0000 -1.0000 -1.0000  0.0000  0.0000  0.0000 
 0.9951  0.4936 -1.0000 -1.0000  0.0000  0.0000  0.0000 
 0.9903  0.6946 -1.0000 -1.0000  0.0000  0.0000  0.0000 
 0.9879  0.7745 -1.0000 -1.0000  0.0000  0.0000  0.0000 
 0.9692  1.0000 -1.0000 -1.0000  0.0000  0.0000  0.0000 
 0.9612 -1.0000 -1.0000 -1.0000  0.0000  0.0000  0.0000 
 0.9253 -1.0000 -1.0000 -1.0000  0.0000  0.0000  0.0000 
 0.8887 -1.0000 -1.0000 -1.0000  0.0000  0.0000  0.0000 
 0.8701 -1.0000 -1.0000 -1.0000  0.0000  0.0000  0.0000 
 0.8723 -1.0000 -1.0000 -1.0000  0.0000  0.0000  0.0000 
 0.8867 -1.0000 -1.0000 -1.0000  0.0000  0.0000  0.0000 
 0.8937 -1.0000 -1.0000 -1.0000  0.0000  0.0000  0.0000 
 0.8838 -1.0000 -1.0000 -1.0000  0.0000  0.0000  0.0000 
 0.8666 -1.0000 -1.0000 -1.0000  0.0000  0.0000  0.0000 
 0.8858 -1.0000 -1.0000 -1.0000  0.0000  0.0000  0.0000 
 0.9159 -1.0000 -1.0000 -1.0000  0.0000  0.0000  0.0000 
 0.9763 -1.0000 -1.0000 -1.0000  0.0000  0.0000  0.0000 
 0.9843 -0.8813 -1.0000 -1.0000  0.0000  0.0000  0.0000 
 0.9872 -0.7966 -1.0000 -1.0000  0.0000  0.0000  0.0000 
 0.9924 -0.6133 -1.0000 -1.0000  0.0000  0.0000  0.0000 
 0.9882 -0.7656 -1.0000 -1.0000  0.0000  0.0000  0.0000 
 0.9882 -0.7670 -1.0000 -1.0000  0.0000  0.0000  0.0000 
 0.9088 -1.0000 -1.0000 -1.0000  0.0000  0.0000  0.0000 
 0.8623 -1.0000 -1.0000 -1.0000  0.0000  0.0000  0.0000 
 0.7049 -1.0000 -1.0000 -1.0000  0.0000  0.0000  0.0000 
 0.6017 -1.0000 -1.0000 -1.0000  0.0000  0.0000  0.0000 
 0.5505 -1.0000 -1.0000 -1.0000  0.0000  0.0000  0.0000 
 0.5259 -1.0000 -1.0000 -1.0000  0.0000  0.0000  0.0000 
 0.1278 -1.0000  1.0000  0.1664  0.9975  0.0025 -0.0709 
 0.1420 -1.0000  1.0000 -0.2596  0.9998  0.0026  0.0182 
 