0.8621	-0.8778	0.4789	0.0345	-0.8776	0.4794
0.8624	-0.6239	0.7815	0.0348	-0.6219	0.7831
0.8638	-0.1765	0.9843	0.0363	-0.1709	0.9853
0.8643	-0.0827	0.9966	0.0367	-0.0768	0.997
0.8674	-0.0015	1	0.0398	0.0047	1
0.8913	0	1	0.0637	0.0063	1
0.9317	0	1	0.1041	0.0066	1
0.9577	0	1	0.1301	0.0068	1
0.9607	0	1	0.1331	0.0068	1
0.97	0	1	0.1425	0.0069	1
0.9732	0	1	0.1456	0.0069	1
0.9795	0	1	0.1519	0.007	1
0.984	0	1	0.1564	0.007	1
0.9876	0.0008	1	0.1613	0.0071	1
0.9883	0.0024	1	0.1644	0.0071	1
0.9779	0.0064	1	0.1684	0.0071	1
0.9829	-0.9713	-0.2378	0.2148	-0.0618	0.9981
0.9757	-0.9204	-0.3909	0.2147	-0.1299	0.9915
0.9685	-0.8513	-0.5246	0.2147	-0.2283	0.9736
0.7119	0.7524	0.6587	0.2037	0.2753	-0.9614
0.6866	0.5822	0.813	0.1987	0.4901	-0.8717
0.6818	0.5529	0.8332	0.1976	0.5209	-0.8536
0.6818	0.5529	0.8332	0.1976	0.5209	-0.8536
0.8776	0.3274	-0.9448	0.4681	-0.1367	0.9906 
0.9130 -0.8778 -0.4790  0.2039 -0.4182  0.9084 
 0.7857 -0.2646 -0.9644  0.2045 -0.9518  0.3067 
 0.7120 -0.2207 -0.9753  0.2062 -0.9664  0.2570 
 0.5617  0.0150 -0.9999  0.2184 -0.9613  0.2754 
 0.3592  0.1865 -0.9825  0.2464 -0.9261  0.3772 
 0.1574  0.1852 -0.9827  0.2821 -0.9238  0.3828 
 0.2047 -0.5347 -0.8450  0.2110 -0.4321  0.9018 
 0.2089  0.8564 -0.5164  0.3485 -0.9318 -0.3630 
 0.3117  0.6427  0.7661  0.2753  0.1949 -0.9808 
 0.7118 -0.4841  0.8750  0.0431  0.7743 -0.6328 
 0.7417 -0.8857  0.4643  0.0241  0.9816 -0.1909 
 0.8484  0.8168  0.5769  0.0770 -0.0997 -0.9950 
 0.6880 -0.1198  0.9928  0.6963  0.1774  0.9841 
 0.6680 -0.2990  0.9542  0.6960  0.2914  0.9566 
 0.5169 -0.5494  0.8356 -0.2085  1.0000  0.0040 
 0.5263 -0.9841 -0.1778 -0.1741  0.4882  0.8727 
 0.7657  0.0930  0.9957  0.2091 -0.4999  0.8661 
 0.6786  0.1231  0.9924  0.2221 -0.4868  0.8735 
 0.6511  0.1321  0.9912  0.2314 -0.4883  0.8727 
 0.6789  0.2468  0.9691  0.6413 -0.7947  0.6070 
 0.4285 -0.2772  0.9608  0.1167 -0.5153 -0.8570 
 0.2566 -0.3805  0.9248  0.1170 -0.4204 -0.9074 
 0.1291 -0.4593  0.8883  0.1171 -0.3411 -0.9400 
 0.0844 -0.4929  0.8701  0.1172 -0.3168 -0.9485 
 0.1268 -0.4891  0.8723  0.1172 -0.3883 -0.9215 
 0.1510 -0.4630  0.8864  0.1173 -0.4680 -0.8837 
 0.0581 -0.4489  0.8936  0.1175 -0.4826 -0.8758 
 0.0166 -0.4684  0.8835  0.1176 -0.4583 -0.8888 
 0.0091 -0.4990  0.8666  0.1176 -0.4416 -0.8972 
 0.0522 -0.4645  0.8856  0.1177 -0.5761 -0.8174 
 0.1530 -0.4018  0.9157  0.1178 -0.5580 -0.8299 
 0.4265 -0.2170  0.9762  0.1187 -0.2913 -0.9566 
 0.4451 -0.1767  0.9843  0.1188 -0.2563 -0.9666 
 0.4515 -0.1596  0.9872  0.1189 -0.2425 -0.9701 
 0.6679 -0.1232  0.9924  0.1204 -0.4746 -0.8802 
 0.7695 -0.1537  0.9881  0.1213 -0.7294 -0.6841 
 0.6500 -0.1539  0.9881  0.1218 -0.8023 -0.5969 
 0.1552 -0.4178  0.9085  0.1234 -0.5649 -0.8252 
 0.5299 -0.5077  0.8615  0.6182 -0.8473 -0.5312 
-0.1019 -0.7100  0.7042  0.6184 -0.6954 -0.7186 
-0.3857 -0.7987  0.6017  0.6184 -0.5933 -0.8050 
-0.5271 -0.8332  0.5529  0.6184 -0.5447 -0.8386 
-0.5856 -0.8463  0.5328  0.6181 -0.5244 -0.8515 
 0.9790 -0.1183  0.9930 -0.5281  0.7733  0.6340 
 0.9884 -0.0659  0.9978 -0.4403  0.8841  0.4673 
 